LexicalReordering0= 0.122348
LexicalReordering0= 0.0350922
LexicalReordering0= 0.0394865
LexicalReordering0= 0.140381
LexicalReordering0= 0.0110424
LexicalReordering0= 0.107485
Distortion0= 0.0691785
LM0= 0.100813
WordPenalty0= -0.124306
PhrasePenalty0= 0.0624377
TranslationModel0= 0.0584112
TranslationModel0= 0.0481648
TranslationModel0= 0.0212861
TranslationModel0= 0.0595672
