LexicalReordering0= 0.129176
LexicalReordering0= 0.0107545
LexicalReordering0= 0.0681934
LexicalReordering0= 0.159565
LexicalReordering0= 0.0355121
LexicalReordering0= 0.0921845
Distortion0= 0.0681934
LM0= 0.0931376
WordPenalty0= -0.131133
PhrasePenalty0= 0.0303006
TranslationModel0= 0.0454623
TranslationModel0= 0.0454623
TranslationModel0= 0.0454623
TranslationModel0= 0.0454623
