LexicalReordering0= 0.0819563
LexicalReordering0= 0.0433057
LexicalReordering0= 0.0695137
LexicalReordering0= 0.127816
LexicalReordering0= 0.0364476
LexicalReordering0= 0.124267
Distortion0= 0.0452324
LM0= 0.0950353
WordPenalty0= -0.119254
PhrasePenalty0= 0.0912547
TranslationModel0= 0.0658662
TranslationModel0= 0.0299649
TranslationModel0= 0.0241527
TranslationModel0= 0.0459341
